0
0
0
0
0
0
0
0
0
0
0
0
0
0
0
0
0
0
0
0
0
8
8
8
8
8
8
8
8
8
8
8
8
8
8
8
8
8
8
0
0
8
7
8
8
8
7
8
7
8
7
8
7
7
8
7
7
7
2
0
0
8
7
8
7
7
7
8
7
8
7
8
7
7
8
7
7
7
2
0
0
8
7
8
7
7
7
8
7
8
7
8
7
7
8
7
7
7
2
0
0
8
7
8
8
8
7
7
8
7
7
8
7
7
8
8
8
7
2
0
0
8
8
8
8
8
8
8
8
8
8
8
8
8
8
8
8
8
8
0
0
8
8
8
8
8
8
8
8
8
8
8
8
8
8
8
8
8
8
0
0
8
b
b
b
b
b
b
b
b
b
b
b
b
b
b
b
b
5
0
0
8
b
b
b
b
9
9
9
9
9
9
9
b
b
b
b
b
5
0
0
8
b
b
b
9
f
9
f
9
f
9
f
9
b
b
b
b
5
0
0
8
b
b
9
f
f
9
f
9
f
9
f
f
9
b
b
b
5
0
0
8
b
b
9
9
9
9
9
9
9
9
9
9
9
b
b
b
5
0
0
8
b
b
9
f
f
9
f
9
f
9
f
f
9
b
b
b
5
0
0
8
b
b
9
9
9
9
9
9
9
9
9
9
9
b
b
b
5
0
0
8
b
b
9
f
f
9
f
9
f
9
f
f
9
b
b
b
5
0
0
8
b
b
b
9
f
9
f
9
f
9
f
9
b
b
b
b
5
0
0
8
b
b
b
b
9
9
9
9
9
9
9
b
b
b
b
5
5
0
0
8
5
5
5
5
5
5
5
5
5
5
5
5
5
5
5
5
5
0
0
0
0
0
0
0
0
0
0
0
0
0
0
0
0
0
0
0
0
0
